1.000000000000000000e+02 1.188543832522392663e+01
2.442996742671009525e+00 3.163133851215255632e+01
1.236603462489694882e+00 9.439857987628552394e+01
8.278145695364237389e-01 3.178970213311175712e+02
6.221484861053504511e-01 1.196594589973109578e+03
4.983388704318936768e-01 4.977521894418380725e+03
4.156275976724854160e-01 2.249086933773424607e+04
3.564638783269961642e-01 1.081111338962048903e+05
3.120449344705637507e-01 5.410923570581491804e+05
2.774694783573806722e-01 2.766647533345378004e+06
2.497918401332222815e-01 1.424675020581689477e+07
2.271350696547546899e-01 7.323101869619178772e+07
2.082465639316951056e-01 3.741367401371816993e+08
1.922583952832606913e-01 1.897655916003557920e+09
1.785501725985001731e-01 9.560827335784111023e+09
1.666666666666666574e-01 4.790923067590390778e+10
